# Created by Octave 4.0.0, Tue Feb 16 22:02:43 2016 CST <Ryan@172.16.1.104>
# name: AveRet
# type: matrix
# rows: 40
# columns: 40
 0 0 0 0 0 0 0 0 0 0 0 0 0 0 0 0 0 0 0 0 0 0 0 0 0 0 0 0 0 0 0 0 0 0 0 0 0 0 0 0
 0 0 0 0 0 0 0 0 0 0 0 0 0 0 0 0 0 0 0 0 0 0 0 0 0 0 0 0 0 0 0 0 0 0 0 0 0 0 0 0
 0 0 0 0 0 0 0 0 0 0 0 0 0 0 0 0 0 0 0 0 0 0 0 0 0 0 0 0 0 0 0 0 0 0 0 0 0 0 0 0
 0 0 0 0 0 0 0 0 0 0 0 0 0 0 0 0 0 0 0 0 0 0 0 0 0 0 0 0 0 0 0 0 0 0 0 0 0 0 0 0
 0 0 0 0 0 0 0 0 0 0 0 0 0 0 0 0 0 0 0 0 0 0 0 0 0 0 0 0 0 0 0 0 0 0 0 0 0 0 0 0
 0 0 0 0 0 0 0 0 0 0 0 0 0 0 0 0 0 0 0 0 0 0 0 0 0 0 0 0 0 0 0 0 0 0 0 0 0 0 0 0
 0 0 0 0 0 0 0 0 0 0 0 0 0 0 0 0 0 0 0 0 0 0 0 0 0 0 0 0 0 0 0 0 0 0 0 0 0 0 0 0
 0 0 0 0 0 0 0 0 0 0 0 0 0 0 0 0 0 0 0 0 0 0 0 0 0 0 0 0 0 0 0 0 0 0 0 0 0 0 0 0
 0 0 0 0 0 0 0 0 0 0 0 0 0 0 0 0 0 0 0 0 0 0 0 0 0 0 0 0 0 0 0 0 0 0 0 0 0 0 0 0
 0 0 0 0 0 0 0 0 0 0 0 0 0 0 0 0 0 0 0 0 0 0 0 0 0 0 0 0 0 0 0 0 0 0 0 0 0 0 0 0
 0 0 0 0 0 0 0 0 0 0 0 0 0 0 0 0 0 0 0 0 0 0 0 0 0 0 0 0 0 0 0 0 0 0 0 0 0 0 0 0
 0 0 0 0 0 0 0 0 0 0 0 0 0 0 0 0 0 0 0 0 0 0 0 0 0 0 0 0 0 0 0 0 0 0 0 0 0 0 0 0
 0 0 0 0 0 0 0 0 0 0 0 0 0 0 0 0 0 0 0 0 0 0 0 0 0 0 0 0 0 0 0 0 0 0 0 0 0 0 0 0
 0 0 0 0 0 0 0 0 0 0 0 0 0 0 0 0 0 0 0 0 0 0 0 0 0 0 0 0 0 0 0 0 0 0 0 0 0 0 0 0
 0 0 0 0 0 0 0 0 0 0 0 0 0 0 0.1434010867160964 0.1502922888155145 0.1276858450891047 0.1362187499872056 0.1301017534279449 0.1596215897185354 0.1524001030086091 0.1720008007127003 0.1623539236307263 0.1384612022661389 0.1171097285705072 0.1019484494240639 0.1084533768755991 0.1591064324784772 0.1630508093657883 0.183109695546994 0.2021766617614482 0.1869500540480706 0.202414470084221 0.2121107879607043 0.2067001984344681 0.205859946069491 0.2085105320449068 0.2042800296638976 0.1939851442467431 0.1946171406870596
 0 0 0 0 0 0 0 0 0 0 0 0 0 0 0.1478485022806582 0.1374439306412669 0.1312592468396145 0.1333740338332103 0.1272723189885987 0.1443133675204409 0.1371873052415991 0.1618011915273316 0.1522379451836631 0.1279405375951226 0.1067644094238702 0.09165977912454371 0.09608878729229886 0.1461540887083586 0.1500771766878082 0.1699126596590101 0.188766833171184 0.1892601087436168 0.1935010596425235 0.2077370148733062 0.2023459182684968 0.2064475467894218 0.2090994239446766 0.2060983743306612 0.1957879079323919 0.1964208586058811
 0 0 0 0 0 0 0 0 0 0 0 0 0 0 0.1334768253873666 0.1368586027192544 0.141166968369435 0.1495283134773058 0.1433396911833358 0.1699555391404344 0.1626711017006177 0.1898772105765898 0.1832073231677789 0.1593312169604939 0.1350342430239981 0.09356477980879485 0.09800201470888892 0.1481547053112988 0.1520846410567021 0.1719547469437499 0.1851372351818348 0.1856290046624289 0.1898570068935006 0.1988438355824553 0.1934924092596504 0.197563835320111 0.1994714426965589 0.1964942875855595 0.18626566427006 0.1868931076877403
 0 0 0 0 0 0 0 0 0 0 0 0 0 0 0.1577833647621436 0.1579937024710987 0.1485865235280397 0.1413206446560917 0.1376256634680044 0.1641084857618356 0.1568603881829773 0.1839304749635253 0.1774697589068841 0.1537113044522163 0.1295321112376928 0.08840804619369425 0.09282423266970463 0.1427404224035076 0.1415988848583443 0.1612881419791277 0.1743500930708921 0.1748373864561317 0.1791638962263271 0.1880699612998549 0.1880017687042883 0.192054464241729 0.1939532957044436 0.1909895863546072 0.1808080217805823 0.1814328819313891
 0 0 0 0 0 0 0 0 0 0 0 0 0 0 0.1547028540943003 0.1549122929507898 0.1455301464156726 0.140417835992275 0.1340908753322794 0.160491411185983 0.1532659893580617 0.1812631345794413 0.1748160637957263 0.1495823357407364 0.1244308319946419 0.08869999693575137 0.09031242517231508 0.1416304203468908 0.1431685754253837 0.1628857415531275 0.1773174824511614 0.1764536207419629 0.1787814387940181 0.1876836102255253 0.1832774735540974 0.1873142901722917 0.189205366031715 0.1873376128614863 0.1771874981011554 0.1778104554683344
 0 0 0 0 0 0 0 0 0 0 0 0 0 0 0.2054266341218762 0.1928455687744173 0.1884276477007827 0.1860757725449969 0.1794955047555715 0.2246144834841552 0.21625125984325 0.2230473276092495 0.2243077587035496 0.200367368032609 0.1741280332547621 0.1340631108473294 0.1378309100764825 0.1914090969727742 0.1877975585928138 0.2162372687326193 0.2313330064519694 0.2227445610056384 0.2366656620322645 0.2540862026236437 0.2416851976636778 0.2321200946384514 0.2340825342268293 0.2358327082750016 0.2243685019997412 0.2296144043649231
 0 0 0 0 0 0 0 0 0 0 0 0 0 0 0.202879480439963 0.1865697096202261 0.1821750610118762 0.1798357645053557 0.1693273758081681 0.2140573703040651 0.2124850799203366 0.2192595636117876 0.2180863629351013 0.1908322045331685 0.1648013472266243 0.1250546805301977 0.1287926295048525 0.1819467935954282 0.1783637142550101 0.2065775982426268 0.2215534417144305 0.2130332079198598 0.2268440723913909 0.2441263018285509 0.2323049352112461 0.2228113818521145 0.2247589698543444 0.2264959212371367 0.2151183527818619 0.2203246221610748
 0 0 0 0 0 0 0 0 0 0 0 0 0 0 0.1914790035474094 0.1806814283482703 0.1813818133282781 0.179044012428019 0.1701925292934943 0.2149556976895846 0.2133807558723366 0.2048233717872414 0.2019853988014702 0.1738365718051049 0.1507379315149746 0.1147354863171828 0.1184390660030266 0.1711056870330665 0.1727462428861526 0.2005776255494165 0.2179249806544621 0.2119662357026879 0.2242634189937058 0.2415093234963608 0.2297129801152979 0.2202389273042002 0.2221824181237508 0.2239157146932691 0.2112058400890049 0.2163953364657378
 0 0 0 0 0 0 0 0 0 0 0 0 0 0 0.1874819006322044 0.1804448711939952 0.1767646528523734 0.1744359887119622 0.1656190995737399 0.181067139061531 0.1799971565161231 0.1729206636563607 0.1978479619853661 0.1702531109614678 0.1472249420042329 0.1130397612687148 0.1149229330562003 0.1674241971891579 0.169059429308269 0.1968023422419527 0.2140951984652357 0.2122807170085932 0.224578615093836 0.2418289596881886 0.2372224061968005 0.2276898961313607 0.1949079869073087 0.1966027900309453 0.1796083799675847 0.1856736036538433
 0 0 0 0 0 0 0 0 0 0 0 0 0 0 0.1910932198251114 0.1764613611552612 0.1763546411118948 0.1808035069992471 0.1719388147424519 0.1837299105844321 0.1690730666270364 0.1560020326650209 0.1829026979917949 0.1847349962476024 0.1642179104854651 0.1143790814576244 0.1206044503700034 0.1577414612753585 0.1621551446371703 0.1897352942338111 0.2096215953281664 0.2087205715053453 0.2222576156318226 0.2432388607089353 0.2391109439483647 0.2347763855290745 0.2019210321986638 0.2036278259750346 0.1850901920334787 0.1881540483501327
 0 0 0 0 0 0 0 0 0 0 0 0 0 0 0.1333603678639712 0.1194377223072869 0.1145294473528078 0.1196732347292269 0.1112674681514596 0.1224484882674495 0.1085506610243729 0.1008837788714267 0.1272380567792426 0.1113413316895093 0.169112352641213 0.1209260365142704 0.1271879793458468 0.1509173879380192 0.1538330395891769 0.182578355136799 0.2067374715233885 0.2058385960288265 0.2193433635232049 0.2402745826181307 0.236156508128101 0.2318319048548121 0.2025187023287933 0.1998430647110516 0.1813635274428602 0.1844180306012999
 0 0 0 0 0 0 0 0 0 0 0 0 0 0 0.1316671751518452 0.1200462286864274 0.1209324457832235 0.1222645048846926 0.1169194418550248 0.1281573293170732 0.1141888152569948 0.1064819714096845 0.1281888988824353 0.1092114892855269 0.1689837045006508 0.1341692554150213 0.1496635612011463 0.1725283734268142 0.1754990640334586 0.1860067627320476 0.2075394192591133 0.1912740163034317 0.2046155694451068 0.2259153656069102 0.2218456433978702 0.2175695822430834 0.1936330332130738 0.193407503365125 0.175027314250638 0.1780647604067389
